11111111 11111111 1111111111111111 111111 -
1111111 11 11111111 11111111111111

--—-—-——-

Lib.1 pag. In'hl ’ pag. 111. 11
11 sqq. 5 911 11 911
11 18, 191 13 991 sq.
1911. 51 191 11 111

22 28 111111· 2111 23 119
11

19

1111.

11

11

67111.

111

111 .

111

111

191

111·

111 .

119 19 111111.

111 18 11111.

111 13 111

111 111. 11 191

111 61 111

191 12 et 11 111

111 11 111

191 25 111 sqq. 311113 111
911 58 119 sq. 15 111
11111. 21 111 ·21;191
11111. 11 111 sq. 11ξ119
119 13 111 1111191119.

aeaeae3·ae=zfflzgffifflffiz÷g÷zzg 23:32352}

332333-‘32

 

